
(([0, 1]), [(0,([1, 0]) (0,([0, 1]) ], 1) 9 1 1
(0, 1)
	0 3 1 4 
	2 2 2 2 
	1 0 3 4 
	

(([0, 2]), [(1,([0, 0]) (0,([0, 2]) (0,([1, 1]) ], 2) 10 2 3
(0, 2)
	1 2 1 4 
	2 2 2 2 
	1 0 3 4 
	

(([0, 3]), [(0,([0, 1]) (0,([0, 3]) (0,([1, 2]) ], 1) 11 3 4
(0, 3)
	1 2 1 4 
	2 2 2 2 
	1 0 3 4 
	

(([0, 2]), [(2,([0, 2]) (0,([1, 3]) ], 3) 13 4 7
(0, 2)
	1 2 3 2 
	2 2 2 2 
	1 0 3 4 
	

(([0, 1]), [(1,([0, 1]) (0,([0, 3]) (0,([1, 2]) ], 2) 15 5 9
(0, 1)
	1 3 2 2 
	2 2 2 2 
	1 0 3 4 
	

(([1, 1]), [(1,([0, 0]) (0,([0, 2]) (0,([1, 1]) ], 2) 15 6 11
(1, 1)
	2 2 2 2 
	2 2 2 2 
	1 0 3 4 
	

(([1, 2]), [(0,([0, 1]) (0,([2, 1]) (0,([1, 0]) (0,([1, 2]) ], 1) 16 7 12
(1, 2)
	2 2 2 2 
	2 2 2 2 
	1 0 3 4 
	

(([2, 2]), [(0,([0, 2]) (0,([2, 2]) (0,([1, 1]) (0,([1, 3]) ], 1) 17 8 13
(2, 2)
	2 2 2 2 
	2 2 2 2 
	1 0 3 4 
	

(([2, 3]), [(1,([2, 1]) (0,([2, 3]) (0,([1, 2]) ], 2) 18 9 15
(2, 3)
	2 2 2 2 
	2 2 2 2 
	1 1 2 4 
	

(([2, 2]), [(0,([1, 3]) (2,([2, 2]) ], 3) 21 10 18
(2, 2)
	2 2 2 2 
	2 2 2 2 
	1 1 4 2 
	

(([2, 1]), [(2,([2, 1]) (0,([2, 3]) (0,([1, 2]) ], 3) 23 11 21
(2, 1)
	2 2 2 2 
	2 2 2 2 
	1 3 2 2 
	

(([2, 0]), [(1,([2, 0]) (0,([2, 2]) (0,([1, 1]) ], 2) 23 12 23
(2, 0)
	2 2 2 2 
	2 2 2 2 
	2 2 2 2 
	

Coste total del algoritmo: 23

