
(([0, 1]), [(0,([0, 1]) (0,([2, 1]) (0,([1, 0]) (0,([1, 2]) ], 1) 1 1 1
(0, 1)
	3 3 2 
	0 0 0 
	0 1 0 
	

(([0, 2]), [(0,([0, 0]) (0,([0, 2]) (2,([1, 1]) ], 3) 2 2 4
(0, 2)
	3 1 2 
	0 2 0 
	0 1 0 
	

(([0, 1]), [(0,([1, 2]) (1,([0, 1]) ], 2) 3 3 6
(0, 1)
	3 2 1 
	0 2 0 
	0 1 0 
	

(([0, 0]), [(0,([0, 0]) (0,([0, 2]) (1,([1, 1]) ], 2) 4 4 8
(0, 0)
	3 1 1 
	0 3 0 
	0 1 0 
	

(([1, 0]), [(2,([1, 0]) (0,([0, 1]) ], 3) 5 5 11
(1, 0)
	1 1 1 
	2 3 0 
	0 1 0 
	

(([1, 1]), [(0,([0, 0]) (1,([2, 0]) (0,([1, 1]) ], 2) 6 6 13
(1, 1)
	1 1 1 
	1 3 0 
	1 1 0 
	

(([2, 1]), [(0,([0, 1]) (1,([2, 1]) (0,([1, 0]) (1,([1, 2]) ], 3) 7 7 16
(2, 1)
	1 1 1 
	1 1 1 
	1 2 0 
	

(([1, 1]), [(0,([2, 0]) (1,([2, 2]) (0,([1, 1]) ], 2) 8 8 18
(1, 1)
	1 1 1 
	1 1 1 
	1 1 1 
	

Coste total del algoritmo: 18

