
(([1, 0]), [(0,([0, 1]) (0,([2, 1]) (0,([1, 0]) (0,([1, 2]) ], 1) 1 1 1
(1, 0)
	3 3 2 
	0 0 0 
	0 1 0 
	

(([0, 0]), [(0,([0, 0]) (0,([2, 0]) (0,([1, 1]) ], 1) 2 2 2
(0, 0)
	3 3 2 
	0 0 0 
	0 1 0 
	

(([1, 0]), [(2,([1, 0]) (0,([0, 1]) ], 3) 5 3 5
(1, 0)
	1 3 2 
	2 0 0 
	0 1 0 
	

(([1, 1]), [(0,([0, 0]) (1,([2, 0]) (0,([1, 1]) ], 2) 7 4 7
(1, 1)
	1 3 2 
	1 0 0 
	1 1 0 
	

(([0, 1]), [(0,([0, 1]) (0,([2, 1]) (0,([1, 0]) (0,([1, 2]) ], 1) 8 5 8
(0, 1)
	1 3 2 
	1 0 0 
	1 1 0 
	

(([0, 2]), [(0,([0, 0]) (1,([0, 2]) (1,([1, 1]) ], 3) 11 6 11
(0, 2)
	1 1 3 
	1 1 0 
	1 1 0 
	

(([1, 2]), [(2,([1, 2]) (0,([0, 1]) ], 3) 14 7 14
(1, 2)
	1 1 1 
	1 1 2 
	1 1 0 
	

(([1, 1]), [(0,([0, 2]) (1,([2, 2]) (0,([1, 1]) ], 2) 16 8 16
(1, 1)
	1 1 1 
	1 1 1 
	1 1 1 
	

Coste total del algoritmo: 16

