
(([1, 0]), [(0,([1, 0]) (0,([0, 1]) ], 1) 49 1 1
(1, 0)
	1 3 
	2 2 
	2 2 
	

(([0, 0]), [(0,([0, 0]) (0,([2, 0]) (0,([1, 1]) ], 1) 48 2 2
(0, 0)
	1 3 
	2 2 
	2 2 
	

(([1, 0]), [(0,([1, 0]) (0,([0, 1]) ], 1) 47 3 3
(1, 0)
	1 3 
	2 2 
	2 2 
	

(([0, 0]), [(0,([0, 0]) (0,([2, 0]) (0,([1, 1]) ], 1) 46 4 4
(0, 0)
	1 3 
	2 2 
	2 2 
	

(([1, 0]), [(0,([1, 0]) (0,([0, 1]) ], 1) 45 5 5
(1, 0)
	1 3 
	2 2 
	2 2 
	

(([0, 0]), [(0,([0, 0]) (0,([2, 0]) (0,([1, 1]) ], 1) 44 6 6
(0, 0)
	1 3 
	2 2 
	2 2 
	

(([1, 0]), [(0,([1, 0]) (0,([0, 1]) ], 1) 43 7 7
(1, 0)
	1 3 
	2 2 
	2 2 
	

(([0, 0]), [(0,([0, 0]) (0,([2, 0]) (0,([1, 1]) ], 1) 42 8 8
(0, 0)
	1 3 
	2 2 
	2 2 
	

(([1, 0]), [(0,([1, 0]) (0,([0, 1]) ], 1) 41 9 9
(1, 0)
	1 3 
	2 2 
	2 2 
	

(([0, 0]), [(0,([0, 0]) (0,([2, 0]) (0,([1, 1]) ], 1) 40 10 10
(0, 0)
	1 3 
	2 2 
	2 2 
	

(([1, 0]), [(0,([1, 0]) (0,([0, 1]) ], 1) 39 11 11
(1, 0)
	1 3 
	2 2 
	2 2 
	

(([0, 0]), [(0,([0, 0]) (0,([2, 0]) (0,([1, 1]) ], 1) 38 12 12
(0, 0)
	1 3 
	2 2 
	2 2 
	

(([1, 0]), [(0,([1, 0]) (0,([0, 1]) ], 1) 37 13 13
(1, 0)
	1 3 
	2 2 
	2 2 
	

(([0, 0]), [(0,([0, 0]) (0,([2, 0]) (0,([1, 1]) ], 1) 36 14 14
(0, 0)
	1 3 
	2 2 
	2 2 
	

(([1, 0]), [(0,([1, 0]) (0,([0, 1]) ], 1) 35 15 15
(1, 0)
	1 3 
	2 2 
	2 2 
	

(([0, 0]), [(0,([0, 0]) (0,([2, 0]) (0,([1, 1]) ], 1) 34 16 16
(0, 0)
	1 3 
	2 2 
	2 2 
	

(([1, 0]), [(0,([1, 0]) (0,([0, 1]) ], 1) 33 17 17
(1, 0)
	1 3 
	2 2 
	2 2 
	

(([0, 0]), [(0,([0, 0]) (0,([2, 0]) (0,([1, 1]) ], 1) 32 18 18
(0, 0)
	1 3 
	2 2 
	2 2 
	

(([1, 0]), [(0,([1, 0]) (0,([0, 1]) ], 1) 31 19 19
(1, 0)
	1 3 
	2 2 
	2 2 
	

(([0, 0]), [(0,([0, 0]) (0,([2, 0]) (0,([1, 1]) ], 1) 30 20 20
(0, 0)
	1 3 
	2 2 
	2 2 
	

(([1, 0]), [(0,([1, 0]) (0,([0, 1]) ], 1) 29 21 21
(1, 0)
	1 3 
	2 2 
	2 2 
	

(([0, 0]), [(0,([0, 0]) (0,([2, 0]) (0,([1, 1]) ], 1) 28 22 22
(0, 0)
	1 3 
	2 2 
	2 2 
	

(([1, 0]), [(0,([1, 0]) (0,([0, 1]) ], 1) 27 23 23
(1, 0)
	1 3 
	2 2 
	2 2 
	

(([0, 0]), [(0,([0, 0]) (0,([2, 0]) (0,([1, 1]) ], 1) 26 24 24
(0, 0)
	1 3 
	2 2 
	2 2 
	

(([1, 0]), [(0,([1, 0]) (0,([0, 1]) ], 1) 25 25 25
(1, 0)
	1 3 
	2 2 
	2 2 
	

(([0, 0]), [(0,([0, 0]) (0,([2, 0]) (0,([1, 1]) ], 1) 24 26 26
(0, 0)
	1 3 
	2 2 
	2 2 
	

(([1, 0]), [(0,([1, 0]) (0,([0, 1]) ], 1) 23 27 27
(1, 0)
	1 3 
	2 2 
	2 2 
	

(([0, 0]), [(0,([0, 0]) (0,([2, 0]) (0,([1, 1]) ], 1) 22 28 28
(0, 0)
	1 3 
	2 2 
	2 2 
	

(([1, 0]), [(0,([1, 0]) (0,([0, 1]) ], 1) 21 29 29
(1, 0)
	1 3 
	2 2 
	2 2 
	

(([0, 0]), [(0,([0, 0]) (0,([2, 0]) (0,([1, 1]) ], 1) 20 30 30
(0, 0)
	1 3 
	2 2 
	2 2 
	

(([1, 0]), [(0,([1, 0]) (0,([0, 1]) ], 1) 19 31 31
(1, 0)
	1 3 
	2 2 
	2 2 
	

(([0, 0]), [(0,([0, 0]) (0,([2, 0]) (0,([1, 1]) ], 1) 18 32 32
(0, 0)
	1 3 
	2 2 
	2 2 
	

(([1, 0]), [(0,([1, 0]) (0,([0, 1]) ], 1) 17 33 33
(1, 0)
	1 3 
	2 2 
	2 2 
	

(([0, 0]), [(0,([0, 0]) (0,([2, 0]) (0,([1, 1]) ], 1) 16 34 34
(0, 0)
	1 3 
	2 2 
	2 2 
	

(([1, 0]), [(0,([1, 0]) (0,([0, 1]) ], 1) 15 35 35
(1, 0)
	1 3 
	2 2 
	2 2 
	

(([0, 0]), [(0,([0, 0]) (0,([2, 0]) (0,([1, 1]) ], 1) 14 36 36
(0, 0)
	1 3 
	2 2 
	2 2 
	

(([1, 0]), [(0,([1, 0]) (0,([0, 1]) ], 1) 13 37 37
(1, 0)
	1 3 
	2 2 
	2 2 
	

(([0, 0]), [(0,([0, 0]) (0,([2, 0]) (0,([1, 1]) ], 1) 12 38 38
(0, 0)
	1 3 
	2 2 
	2 2 
	

(([1, 0]), [(0,([1, 0]) (0,([0, 1]) ], 1) 11 39 39
(1, 0)
	1 3 
	2 2 
	2 2 
	

(([0, 0]), [(0,([0, 0]) (0,([2, 0]) (0,([1, 1]) ], 1) 10 40 40
(0, 0)
	1 3 
	2 2 
	2 2 
	

(([1, 0]), [(0,([1, 0]) (0,([0, 1]) ], 1) 9 41 41
(1, 0)
	1 3 
	2 2 
	2 2 
	

(([0, 0]), [(0,([0, 0]) (0,([2, 0]) (0,([1, 1]) ], 1) 8 42 42
(0, 0)
	1 3 
	2 2 
	2 2 
	

(([1, 0]), [(0,([1, 0]) (0,([0, 1]) ], 1) 7 43 43
(1, 0)
	1 3 
	2 2 
	2 2 
	

(([0, 0]), [(0,([0, 0]) (0,([2, 0]) (0,([1, 1]) ], 1) 6 44 44
(0, 0)
	1 3 
	2 2 
	2 2 
	

(([1, 0]), [(0,([1, 0]) (0,([0, 1]) ], 1) 5 45 45
(1, 0)
	1 3 
	2 2 
	2 2 
	

(([0, 0]), [(0,([0, 0]) (0,([2, 0]) (0,([1, 1]) ], 1) 4 46 46
(0, 0)
	1 3 
	2 2 
	2 2 
	

(([1, 0]), [(0,([1, 0]) (0,([0, 1]) ], 1) 3 47 47
(1, 0)
	1 3 
	2 2 
	2 2 
	

(([0, 0]), [(0,([0, 0]) (0,([2, 0]) (0,([1, 1]) ], 1) 2 48 48
(0, 0)
	1 3 
	2 2 
	2 2 
	

(([0, 1]), [(0,([1, 0]) (0,([0, 1]) ], 1) 1 49 49
(0, 1)
	1 3 
	2 2 
	2 2 
	

(([0, 0]), [(1,([0, 0]) (0,([1, 1]) ], 2) 0 50 51
(0, 0)
	2 2 
	2 2 
	2 2 
	

Coste total del algoritmo: 51

