
(([0, 1]), [(0,([0, 1]) (0,([2, 1]) (0,([1, 0]) (0,([1, 2]) ], 1) 9 1 1

(([0, 2]), [(0,([0, 0]) (1,([0, 2]) (1,([1, 1]) ], 3) 10 2 4

(([1, 2]), [(2,([1, 2]) (0,([0, 1]) ], 3) 12 3 7

(([1, 1]), [(0,([0, 2]) (1,([2, 2]) (0,([1, 1]) ], 2) 12 4 9

(([1, 0]), [(0,([0, 1]) (0,([2, 1]) (0,([1, 0]) (0,([1, 2]) ], 1) 13 5 10

(([0, 0]), [(0,([0, 0]) (0,([2, 0]) (0,([1, 1]) ], 1) 14 6 11

(([1, 0]), [(2,([1, 0]) (0,([0, 1]) ], 3) 16 7 14

(([0, 0]), [(0,([0, 0]) (1,([2, 0]) (0,([1, 1]) ], 2) 16 8 16

Coste total del algoritmo: 16

Coste total del algoritmo: 16

