
<<<<<<< HEAD
(([0, 1]), [(0,([1, 0]) (0,([0, 1]) ], 1) 8 1 1
(0, 1)
	0 3 1 4 
	2 2 2 2 
	1 0 3 4 
=======
(([1, 0]), [(1,([1, 0]) ], 2) 2 1 2
(1, 0)
	2 
	2 
	1 
	3 
>>>>>>> branch 'master' of https://github.com/didimoj/B1_06.git
	

<<<<<<< HEAD
(([1, 1]), [(0,([0, 0]) (1,([0, 2]) (0,([1, 1]) ], 2) 6 2 3
(1, 1)
	0 2 2 4 
	2 2 2 2 
	1 0 3 4 
	

(([2, 1]), [(0,([0, 1]) (0,([2, 1]) (0,([1, 0]) (0,([1, 2]) ], 1) 6 3 4
(2, 1)
	0 2 2 4 
	2 2 2 2 
	1 0 3 4 
	

(([2, 2]), [(0,([2, 0]) (0,([2, 2]) (0,([1, 1]) ], 1) 6 4 5
(2, 2)
	0 2 2 4 
	2 2 2 2 
	1 0 3 4 
	

(([2, 3]), [(1,([2, 1]) (0,([2, 3]) (0,([1, 2]) ], 2) 5 5 7
(2, 3)
	0 2 2 4 
	2 2 2 2 
	1 1 2 4 
	

(([2, 2]), [(0,([1, 3]) (2,([2, 2]) ], 3) 5 6 10
(2, 2)
	0 2 2 4 
	2 2 2 2 
	1 1 4 2 
	

(([2, 1]), [(2,([2, 1]) (0,([2, 3]) (0,([1, 2]) ], 3) 4 7 13
(2, 1)
	0 2 2 4 
	2 2 2 2 
	1 3 2 2 
	

(([2, 2]), [(1,([2, 0]) (0,([2, 2]) (0,([1, 1]) ], 2) 2 8 15
(2, 2)
	0 2 2 4 
	2 2 2 2 
	2 2 2 2 
=======
(([2, 0]), [(0,([0, 0]) (0,([2, 0]) ], 1) 2 2 3
(2, 0)
	2 
	2 
	1 
	3 
>>>>>>> branch 'master' of https://github.com/didimoj/B1_06.git
	

<<<<<<< HEAD
(([2, 3]), [(0,([2, 1]) (0,([2, 3]) (0,([1, 2]) ], 1) 2 9 16
(2, 3)
	0 2 2 4 
	2 2 2 2 
	2 2 2 2 
	

(([1, 3]), [(0,([1, 3]) (0,([2, 2]) ], 1) 2 10 17
(1, 3)
	0 2 2 4 
	2 2 2 2 
	2 2 2 2 
	

(([0, 3]), [(0,([0, 3]) (0,([2, 3]) (0,([1, 2]) ], 1) 2 11 18
(0, 3)
	0 2 2 4 
	2 2 2 2 
	2 2 2 2 
=======
(([3, 0]), [(0,([1, 0]) (0,([3, 0]) ], 1) 2 3 4
(3, 0)
	2 
	2 
	1 
	3 
>>>>>>> branch 'master' of https://github.com/didimoj/B1_06.git
	

<<<<<<< HEAD
(([0, 2]), [(2,([0, 2]) (0,([1, 3]) ], 3) 2 12 21
(0, 2)
	0 2 4 2 
	2 2 2 2 
	2 2 2 2 
=======
(([2, 0]), [(1,([2, 0]) ], 2) 0 4 6
(2, 0)
	2 
	2 
	2 
	2 
>>>>>>> branch 'master' of https://github.com/didimoj/B1_06.git
	

<<<<<<< HEAD
(([0, 1]), [(2,([0, 1]) (0,([0, 3]) (0,([1, 2]) ], 3) 2 13 24
(0, 1)
	0 4 2 2 
	2 2 2 2 
	2 2 2 2 
	

(([0, 0]), [(2,([0, 0]) (0,([0, 2]) (0,([1, 1]) ], 3) 0 14 27
(0, 0)
	2 2 2 2 
	2 2 2 2 
	2 2 2 2 
	

Coste total del algoritmo: 27
=======
Coste total del algoritmo: 6
>>>>>>> branch 'master' of https://github.com/didimoj/B1_06.git

